8.90295*10^-3 1.49983*10^-3 32 0.066124 -0.331916 0.940988 9.434328
8.95509*10^-3 1.00135*10^-3 32 0.066124 -0.331916 0.940988 9.434328
7.64662*10^-3 0.42863*10^-3 32 0.066124 -0.331916 0.940988 9.434328
8.2084*10^-3 -0.160928*10^-3 38 0.300447 0.057478 0.952065 7.898902
8.55755*10^-3 -0.620499*10^-3 38 0.300447 0.057478 0.952065 7.898902
8.9421*10^-3 -1.06076*10^-3 38 0.300447 0.057478 0.952065 7.898902
10.7976*10^-3 -2.9923*10^-3 16 0.047761 -0.235013 0.970818 7.936069
11.4291*10^-3 -3.46402*10^-3 16 0.047761 -0.235013 0.970818 7.936069
10.3726*10^-3 -3.4526*10^-3 16 0.047761 -0.235013 0.970818 7.936069
-8.57765*10^-3 -4.47178*10^-3 8 0.075941 -0.351621 0.933057 8.469357
-8.90137*10^-3 -4.87353*10^-3 8 0.075941 -0.351621 0.933057 8.469357
-9.57645*10^-3 -5.32117*10^-3 8 0.075941 -0.351621 0.933057 8.469357
-9.43452*10^-3 -3.89795*10^-3 7 0.070236 -0.362426 0.929362 8.756488
-10.0513*10^-3 -4.67286*10^-3 7 0.070236 -0.362426 0.929362 8.756488
-10.4502*10^-3 -4.76198*10^-3 7 0.070236 -0.362426 0.929362 8.756488
6.34275*10^-3 3.03981*10^-3 11 -0.058638 0.326295 0.943448 -13.180553
7.00512*10^-3 2.68297*10^-3 11 -0.058638 0.326295 0.943448 -13.180553
8.32798*10^-3 1.91896*10^-3 11 -0.058638 0.326295 0.943448 -13.180553
9.22707*10^-3 6.55999*10^-3 23 -0.051323 0.259264 0.964442 -20.322462
10.7629*10^-3 5.74015*10^-3 23 -0.051323 0.259264 0.964442 -20.322462
11.0884*10^-3 6.21551*10^-3 23 -0.051323 0.259264 0.964442 -20.322462
-6.23438*10^-3 -0.633336*10^-3 36 -0.284321 -0.063497 0.956624 -6.535257
-7.51897*10^-3 -1.32173*10^-3 36 -0.284321 -0.063497 0.956624 -6.535257
-7.96978*10^-3 -0.636932*10^-3 36 -0.284321 -0.063497 0.956624 -6.535257