-7.3124 3.3414 16 0.047761 -0.235013 0.970818 7.936069 165
-7.01746 2.52127 16 0.047761 -0.235013 0.970818 7.936069 165
-8.51607 3.8341 16 0.047761 -0.235013 0.970818 7.936069 165
-3.4893 -7.43178 16 0.047761 -0.235013 0.970818 7.936069 168
-5.21125 -7.47491 16 0.047761 -0.235013 0.970818 7.936069 168
-4.19534 -7.04711 16 0.047761 -0.235013 0.970818 7.936069 168
-2.18676 -3.79387 38 0.300447 0.057478 0.952065 7.898902 168
-1.82682 -4.17241 38 0.300447 0.057478 0.952065 7.898902 168
-2.13721 -5.40417 38 0.300447 0.057478 0.952065 7.898902 168
8.9421 -1.06076 38 0.300447 0.057478 0.952065 7.898902 205
8.10761 -1.53765 38 0.300447 0.057478 0.952065 7.898902 205
7.82453 -0.638722 38 0.300447 0.057478 0.952065 7.898902 205
8.9753 0.696681 32 0.066124 -0.331916 0.940988 9.434328 205
8.31168 0.772261 32 0.066124 -0.331916 0.940988 9.434328 205
7.64662 0.42863 32 0.066124 -0.331916 0.940988 9.434328 205
-4.0994 7.16807 32 0.066124 -0.331916 0.940988 9.434328 203
-2.94631 6.24541 32 0.066124 -0.331916 0.940988 9.434328 203
-3.42962 7.31743 32 0.066124 -0.331916 0.940988 9.434328 203